"Y1" "Y2" "X"
"1" -0.922679666997199 0.323343751026734 0
"2" -0.140857589823096 -1.26367087147466 0.005005005005005
"3" -0.281308782217813 -0.373388796996423 0.01001001001001
"4" 1.82470360670746 0.524677702082047 0.015015015015015
"5" -0.30142946453257 0.395537594053161 0.02002002002002
"6" 0.0755076485786474 0.421773407160757 0.025025025025025
"7" 0.825385286117967 -0.744961930305635 0.03003003003003
"8" 0.534322207177663 1.01503291275086 0.035035035035035
"9" 0.0805458313624158 0.155359346571329 0.04004004004004
"10" -0.0899401027182139 0.175635490210589 0.045045045045045
"11" -0.0975207208441872 1.6902656956829 0.05005005005005
"12" -0.998444046704288 0.412806292925842 0.0550550550550551
"13" 1.24112627318793 -0.609561507511653 0.0600600600600601
"14" 0.380800721713907 0.436204157361098 0.0650650650650651
"15" 0.986352644312366 -0.810324019469862 0.0700700700700701
"16" -1.20126802445264 0.761338821279822 0.0750750750750751
"17" -0.795199221781678 -0.63138677545789 0.0800800800800801
"18" 1.17792914061558 -0.029140495044764 0.0850850850850851
"19" 0.597305256846365 -0.684432044683169 0.0900900900900901
"20" 0.860672438806911 -0.0453245712733455 0.0950950950950951
"21" -0.392984135125169 0.667275361517061 0.1001001001001
"22" -0.605067824119103 2.29171114458094 0.105105105105105
"23" 1.41533455936989 0.934203777047721 0.11011011011011
"24" 0.677048496712071 0.406387796175369 0.115115115115115
"25" 1.33691742498751 -0.461467787683612 0.12012012012012
"26" -0.606218336140448 0.525890469773644 0.125125125125125
"27" -0.746425106506323 0.257576459460271 0.13013013013013
"28" 1.4619011746824 -0.59247497414065 0.135135135135135
"29" -2.38692782371937 0.0796446849590378 0.14014014014014
"30" 1.26598124596553 1.05596054448646 0.145145145145145
"31" 2.18669779616263 0.643182929440046 0.15015015015015
"32" 0.632916050813806 -0.383317050619841 0.155155155155155
"33" 0.649819231283492 -0.58099252890576 0.16016016016016
"34" -0.0203259503999126 0.0893674062974517 0.165165165165165
"35" 0.389899569671731 -0.341529462204566 0.17017017017017
"36" 0.932785261268593 0.647824166226162 0.175175175175175
"37" 1.31538801874359 -0.18650070293438 0.18018018018018
"38" -0.370807272448903 0.945784415818878 0.185185185185185
"39" -0.659395893798504 1.22515230559292 0.19019019019019
"40" 1.21369366395502 0.7980641327894 0.195195195195195
"41" 0.510703874473593 0.00517444595226993 0.2002002002002
"42" -0.58893094897182 -1.64582768871643 0.205205205205205
"43" 0.0788387510827266 -0.0450985154955605 0.21021021021021
"44" 1.1592953491944 -0.565126970960087 0.215215215215215
"45" 0.506456170186188 0.801836024605488 0.22022022022022
"46" -0.106790670897938 -0.0395488543346955 0.225225225225225
"47" -0.215865289361134 0.171677813154223 0.23023023023023
"48" 0.353320495048182 0.309752678729463 0.235235235235235
"49" -0.0207501279025659 -0.455940883030231 0.24024024024024
"50" -0.0430009791620055 1.99171633756999 0.245245245245245
"51" 1.54278797859324 0.191202125646093 0.25025025025025
"52" -0.708639864435815 0.749965722910734 0.255255255255255
"53" 0.746514122416258 -0.855680918706647 0.26026026026026
"54" 0.593841970056843 -0.388327779090916 0.265265265265265
"55" -0.724319134952853 -0.259525361275488 0.27027027027027
"56" 0.195893430471276 -0.756739764483321 0.275275275275275
"57" -1.22313542991982 -1.31254808720631 0.28028028028028
"58" 0.233085893825787 0.822405231523909 0.285285285285285
"59" 1.27013102303076 0.876139264796638 0.29029029029029
"60" 0.688478237658741 0.35357708897677 0.295295295295295
"61" 1.34951756555974 0.0959967302998603 0.3003003003003
"62" 1.12742783169363 1.05944221456194 0.305305305305305
"63" -0.132144130733378 -0.894013165479973 0.31031031031031
"64" -0.860428851542615 2.22998860543473 0.315315315315315
"65" 0.512931059839493 0.612853323876782 0.32032032032032
"66" 1.34366029721344 1.16442397541711 0.325325325325325
"67" 0.129914552512101 0.503826272955181 0.33033033033033
"68" 0.748637966296264 0.521536362541001 0.335335335335335
"69" 0.18316356651096 1.18440851113061 0.34034034034034
"70" -0.640818600655304 1.03706730903807 0.345345345345345
"71" -0.315912629267907 -0.361306085510634 0.35035035035035
"72" -0.740968882591407 0.707614875612663 0.355355355355355
"73" -0.254698352052034 0.610484060863725 0.36036036036036
"74" -0.228658163195091 -0.183315206485916 0.365365365365365
"75" 0.984399234429978 1.13060932969579 0.37037037037037
"76" 0.954391964381664 0.376369451501167 0.375375375375375
"77" 0.573769196294314 -0.393507654260035 0.38038038038038
"78" 0.617446136105032 0.969543319585952 0.385385385385385
"79" 1.39440953247094 -0.389071001377503 0.39039039039039
"80" 0.365566499792727 -0.12040515237105 0.395395395395395
"81" 0.398455254919121 -0.424670145177385 0.4004004004004
"82" 1.33454926983927 0.359236720913527 0.405405405405405
"83" 2.156906854248 2.13830069596052 0.41041041041041
"84" -0.891380778055567 0.611886931632653 0.415415415415415
"85" 0.545765944832522 0.890078041629496 0.42042042042042
"86" 1.06945762805899 0.894439351334926 0.425425425425425
"87" -0.565419771613654 -0.708282694301735 0.43043043043043
"88" 0.497347732729088 0.744092863864013 0.435435435435435
"89" 0.193195652495175 0.396116063690166 0.44044044044044
"90" 0.548981189470561 1.15158285436268 0.445445445445445
"91" 0.290314966697689 1.4662944879769 0.45045045045045
"92" -0.424932074361004 0.541957420056567 0.455455455455455
"93" 0.230849542316845 -0.133160134923164 0.46046046046046
"94" 0.893867659924734 0.21972216980169 0.465465465465465
"95" -1.44570164045397 -2.58855133740427 0.47047047047047
"96" 0.410443623291893 -0.210369351505285 0.475475475475475
"97" -0.678628395662469 0.877235870625722 0.48048048048048
"98" 0.657283551941924 -0.665565982283554 0.485485485485485
"99" 0.47262055209466 0.110409481123969 0.49049049049049
"100" 0.470805565387152 -0.715447267946484 0.495495495495495
"101" 0.608753825525365 0.339571812815839 0.500500500500501
"102" 1.22723638848104 0.93196243796653 0.505505505505506
"103" -0.791455646729465 1.72483618038152 0.510510510510511
"104" 0.89470960488354 0.751483070071128 0.515515515515516
"105" -0.949046230338227 1.50234664092322 0.520520520520521
"106" -0.253828826628017 -0.47627015415736 0.525525525525526
"107" -0.330194359564657 -0.726749401824014 0.530530530530531
"108" 2.55529536292149 1.03183065829486 0.535535535535536
"109" 1.11186268451444 0.624070033889756 0.540540540540541
"110" 0.492621632657599 1.10485206452545 0.545545545545546
"111" 0.110320933292233 -0.755632770365117 0.550550550550551
"112" 1.51661807218429 -1.26733574393998 0.555555555555556
"113" 1.19253864949035 0.640204429054933 0.560560560560561
"114" -0.33224044464087 -0.414784387313953 0.565565565565566
"115" 1.20567463206241 0.556251306866311 0.570570570570571
"116" 0.623038469635241 1.01208965439151 0.575575575575576
"117" 2.58475831758884 1.13199206278258 0.580580580580581
"118" 2.25071959609834 0.940511916058238 0.585585585585586
"119" -1.39209948773043 0.0354049108537178 0.590590590590591
"120" -0.184740115243685 0.102813957090754 0.595595595595596
"121" -0.130542968133068 0.190517988476855 0.600600600600601
"122" -0.00989925114783019 0.62187666798398 0.605605605605606
"123" -0.662343507016693 1.97859279608578 0.610610610610611
"124" -0.66425507236525 2.3233278114347 0.615615615615616
"125" -0.0171354646232272 0.185888569248539 0.620620620620621
"126" 0.24814767962478 0.0871743960936719 0.625625625625626
"127" 1.40922484537819 0.136435193984092 0.630630630630631
"128" -1.21534291070984 -0.0828325818881223 0.635635635635636
"129" -0.0739508927102442 1.91911055635131 0.640640640640641
"130" 0.523492392557122 -0.544581945962366 0.645645645645646
"131" 1.76500597029569 0.749818712308318 0.650650650650651
"132" 0.849754225313359 1.42062335874511 0.655655655655656
"133" -0.344075296276475 0.492953564071316 0.660660660660661
"134" 0.952295999193085 -0.213342669912753 0.665665665665666
"135" 0.673416080177766 1.2131586316001 0.670670670670671
"136" -0.362836696083265 -0.459876587770184 0.675675675675676
"137" 0.865019029507454 -0.190643756464128 0.680680680680681
"138" 1.00535096450262 1.86429176010322 0.685685685685686
"139" 1.59930838596029 0.65401219057881 0.690690690690691
"140" -0.0695720227701943 0.132161347929651 0.695695695695696
"141" 0.352387118580427 2.15755097516363 0.700700700700701
"142" 0.846904790364049 0.160834240715997 0.705705705705706
"143" -1.4494545064455 0.331214084320151 0.710710710710711
"144" 1.77824081855992 -2.7354496354464 0.715715715715716
"145" 0.445838489187686 0.98110256356147 0.720720720720721
"146" -1.51846984109149 1.90016967873856 0.725725725725726
"147" 0.645973438589918 0.258489325869847 0.730730730730731
"148" 0.528428028805221 -0.26669422732565 0.735735735735736
"149" 1.20502874719913 -0.798506527264846 0.740740740740741
"150" 1.37192275864179 1.16992381494308 0.745745745745746
"151" 0.10212027318939 1.72309795889493 0.750750750750751
"152" 0.644775153676494 -0.575021446212483 0.755755755755756
"153" 0.977626282100407 0.553245233762463 0.760760760760761
"154" -1.02387870118521 0.199703880645404 0.765765765765766
"155" -0.181028102857438 -0.380263137518807 0.770770770770771
"156" 0.477844491291851 3.39852372252733 0.775775775775776
"157" 0.641762999018587 1.56207044128079 0.780780780780781
"158" -2.22084528021517 -1.69779153746996 0.785785785785786
"159" -0.189021775815965 0.940924242221717 0.790790790790791
"160" 0.0626162190861346 2.1199747837288 0.795795795795796
"161" -0.85277876349425 1.25541005243424 0.800800800800801
"162" 1.03966432024484 0.177023029771023 0.805805805805806
"163" 0.238615517543006 0.230428041194347 0.810810810810811
"164" 1.21618404664677 0.138184938775138 0.815815815815816
"165" -0.425656407067299 0.842498864656474 0.820820820820821
"166" 1.03443133888956 0.913795647893132 0.825825825825826
"167" 1.08855578583984 0.548537527539467 0.830830830830831
"168" 0.806914696657371 -0.348326251226921 0.835835835835836
"169" 0.888297664021795 1.94915348934704 0.840840840840841
"170" -0.38477196102029 -1.81046177106101 0.845845845845846
"171" 1.29045558420317 1.85845856844649 0.850850850850851
"172" 1.26575075798083 0.525114441313637 0.855855855855856
"173" 1.01937893767168 1.38692888754458 0.860860860860861
"174" -0.501385931200046 -0.253563648385966 0.865865865865866
"175" 1.36580965643663 0.709362387915793 0.870870870870871
"176" 0.181818867484613 1.79963406309172 0.875875875875876
"177" -1.50913939401395 -0.165824454156712 0.880880880880881
"178" 1.28609794103369 -0.0453201987090326 0.885885885885886
"179" 1.53443804525959 -0.782421786537027 0.890890890890891
"180" 2.2256359329391 -0.22037579120006 0.895895895895896
"181" 1.44838130563844 2.0477851370514 0.900900900900901
"182" 1.95882630764516 0.633500619281036 0.905905905905906
"183" 0.248293888796516 -0.0850384744457006 0.910910910910911
"184" -0.293176185342322 1.30131581226202 0.915915915915916
"185" -0.330097531661037 1.29845458886155 0.920920920920921
"186" 0.469262844623095 0.413448601043228 0.925925925925926
"187" 0.552515883952106 0.141958593359176 0.930930930930931
"188" 0.415976127177206 2.66092521440107 0.935935935935936
"189" 1.09065140871995 0.147048832075675 0.940940940940941
"190" -0.0340845189429939 -0.361225862226665 0.945945945945946
"191" 0.795748950469316 2.58187090314379 0.950950950950951
"192" -0.0781838128985838 0.292564814523007 0.955955955955956
"193" -0.905345833734474 0.645873602757761 0.960960960960961
"194" 1.89640265783963 0.748497911405847 0.965965965965966
"195" 0.643760605921333 1.69540438332597 0.970970970970971
"196" 0.790297108581834 0.617951798157613 0.975975975975976
"197" -0.938043543948447 2.14890212525613 0.980980980980981
"198" 0.534603829256879 0.0197687744587704 0.985985985985986
"199" -0.229813925496877 0.828045879151281 0.990990990990991
"200" 0.122133065466866 1.10068757796253 0.995995995995996
"201" 0.525811228302356 0.144212739579059 1.001001001001
"202" -0.671728505259257 -0.468430332923409 1.00600600600601
"203" 2.09374072215991 0.0791984472497695 1.01101101101101
"204" 1.59141404587457 -0.183375864749101 1.01601601601602
"205" -0.00749020872219297 -0.132578281274778 1.02102102102102
"206" -0.102865404910575 0.841296570994986 1.02602602602603
"207" 1.53922984077353 -0.522821001987578 1.03103103103103
"208" 1.68421641774415 -2.10023125854684 1.03603603603604
"209" 1.29871454313818 0.344356602040638 1.04104104104104
"210" -0.0265300767516837 -0.198708021124693 1.04604604604605
"211" 0.37860580715879 -0.114357148924847 1.05105105105105
"212" -0.0841026724996815 1.5270439686096 1.05605605605606
"213" 1.69108463707499 0.0800754793884292 1.06106106106106
"214" 0.284558690906895 -0.352372046559535 1.06606606606607
"215" 0.28433554761051 0.832114775476171 1.07107107107107
"216" 1.54065776346866 -0.150076628672436 1.07607607607608
"217" 0.989417795477251 -0.708935170886808 1.08108108108108
"218" 0.922100614120758 2.70355762185592 1.08608608608609
"219" 0.98609269045231 0.00963952718715355 1.09109109109109
"220" -1.34078480376039 -0.564972739259716 1.0960960960961
"221" 1.50999727372132 1.85982253686874 1.1011011011011
"222" -0.858246884575493 0.941267950256879 1.10610610610611
"223" 0.177630946918583 0.131276324822438 1.11111111111111
"224" -0.0201110684935361 1.02221423580393 1.11611611611612
"225" 0.192466629131211 0.0717034458944273 1.12112112112112
"226" 0.650760757566865 2.44813250356248 1.12612612612613
"227" -0.630372925410625 1.39201591303335 1.13113113113113
"228" -0.461325325106213 0.0772101115920992 1.13613613613614
"229" 0.143746280204405 -0.332352453703076 1.14114114114114
"230" -0.121048369593122 1.36293615017961 1.14614614614615
"231" 0.966148108528057 1.68139559250915 1.15115115115115
"232" 1.22667116970786 -0.132334835919575 1.15615615615616
"233" 0.118399985129651 -0.572822109842785 1.16116116116116
"234" 0.254458944067935 -2.01111205891065 1.16616616616617
"235" 0.434287348485899 0.137379497141001 1.17117117117117
"236" 0.531791492817368 0.841067079194383 1.17617617617618
"237" -0.217905990114027 1.48290549919095 1.18118118118118
"238" 2.87869433023969 -0.135396371914538 1.18618618618619
"239" -0.855516396337453 0.358326459635133 1.19119119119119
"240" 1.98970835590987 1.41301883289655 1.1961961961962
"241" 1.12829673303329 0.982677694402709 1.2012012012012
"242" 1.35239827892952 0.0753564041410572 1.20620620620621
"243" -0.861396242715699 -0.214801254572778 1.21121121121121
"244" -1.67098726324153 1.92512382311005 1.21621621621622
"245" -0.92102138116481 1.25933551631867 1.22122122122122
"246" 0.275511817148012 1.50831767556907 1.22622622622623
"247" 0.159612788559033 0.96516250162441 1.23123123123123
"248" -0.277580246186636 0.113199684915517 1.23623623623624
"249" -0.245112579676764 2.2487329875604 1.24124124124124
"250" -0.354466383420599 -0.915719521057529 1.24624624624625
"251" 1.25153123448352 1.43561941897478 1.25125125125125
"252" 0.426001435075753 -0.999331775102281 1.25625625625626
"253" 1.28211335246612 1.14211260062803 1.26126126126126
"254" 0.583925267565578 1.36060293138723 1.26626626626627
"255" 0.329612671260567 0.390502992207393 1.27127127127127
"256" 1.35033464669819 -0.706938563527201 1.27627627627628
"257" 0.854232599533071 0.555202194246145 1.28128128128128
"258" -0.274027963456371 0.918176520687946 1.28628628628629
"259" 0.34701868812661 0.109955890418653 1.29129129129129
"260" 1.19548945348674 -0.134509297691738 1.2962962962963
"261" 0.518056072048639 0.664775020489401 1.3013013013013
"262" 1.05418889459627 -1.34462544839628 1.30630630630631
"263" 0.0889428092661708 0.817905286124225 1.31131131131131
"264" 0.350401298469586 1.83006763383168 1.31631631631632
"265" -0.431900366013616 0.156759119593354 1.32132132132132
"266" -0.743031836698491 2.21821416856266 1.32632632632633
"267" 0.627671681668621 0.0174975498829477 1.33133133133133
"268" -0.478706269732625 0.272067891133336 1.33633633633634
"269" -0.36780386163518 1.46915662934592 1.34134134134134
"270" 1.3277809916996 -0.541573671118098 1.34634634634635
"271" -0.421890843438086 -0.346600289550991 1.35135135135135
"272" 0.654170102541808 -0.0585336434223744 1.35635635635636
"273" 0.264255886211271 0.946162470397123 1.36136136136136
"274" -0.357061177533442 0.619484347803977 1.36636636636637
"275" -0.201150478261837 0.28892775095369 1.37137137137137
"276" 1.52598804983759 -0.853008462318647 1.37637637637638
"277" 0.751628849121313 1.24193696369558 1.38138138138138
"278" 1.48640166419815 -0.231537362247993 1.38638638638639
"279" -0.779708456319854 0.38066601224925 1.39139139139139
"280" 1.03046278977481 0.634436798137014 1.3963963963964
"281" 0.639499926791195 0.983977390875954 1.4014014014014
"282" 0.672670768388646 -1.45611546084153 1.40640640640641
"283" 0.494663590158321 0.862122620969398 1.41141141141141
"284" 1.17626321210365 0.0762086060781884 1.41641641641642
"285" 1.32648398372245 -0.00231460463530841 1.42142142142142
"286" 0.348620037545701 0.0607306770172683 1.42642642642643
"287" 1.01830906625586 0.570436348800897 1.43143143143143
"288" 1.15878350255344 -0.523577291000226 1.43643643643644
"289" 1.06574051297143 1.41146839135985 1.44144144144144
"290" 2.24214136461619 1.73608750647484 1.44644644644645
"291" -0.00457347803109132 0.895139336260218 1.45145145145145
"292" 0.896204921874189 0.657968304094424 1.45645645645646
"293" -0.516385568853857 -0.980694993843219 1.46146146146146
"294" -0.257499358553543 0.034052153992522 1.46646646646647
"295" 1.14696991554235 -0.388755815299989 1.47147147147147
"296" 0.538978064240478 -0.240639277624978 1.47647647647648
"297" 0.838707560348003 0.647565464222911 1.48148148148148
"298" -0.0774148058731104 0.158685255965571 1.48648648648649
"299" -0.620299451713964 1.07468965790473 1.49149149149149
"300" 0.700379622594482 1.18470822222888 1.4964964964965
"301" -0.148312356796411 0.995248991658313 1.5015015015015
"302" -0.308090157838713 1.24567472569007 1.50650650650651
"303" -0.0286815595218076 1.74449048556272 1.51151151151151
"304" 0.799834102397778 2.45151759837937 1.51651651651652
"305" 0.792416115289925 0.0149315305052343 1.52152152152152
"306" 0.923720468706318 1.48153108937629 1.52652652652653
"307" 1.33525107392315 0.929800991574556 1.53153153153153
"308" 1.33837243563144 0.431935688643282 1.53653653653654
"309" 1.55827389818128 1.37813963305686 1.54154154154154
"310" -0.768191374473371 -0.89196347252531 1.54654654654655
"311" -0.153162670574755 -0.327066736100733 1.55155155155155
"312" 1.29014841389111 1.17259049199361 1.55655655655656
"313" 1.28694049852604 -0.186857106261557 1.56156156156156
"314" 0.18869807303765 0.381997384366826 1.56656656656657
"315" -0.248020163167618 0.951272756033256 1.57157157157157
"316" 0.79184876238908 0.0731947622227118 1.57657657657658
"317" -0.160739896579586 0.422839825024242 1.58158158158158
"318" -0.952439745034473 1.51930977277931 1.58658658658659
"319" -0.0663704045722584 0.104409678184523 1.59159159159159
"320" -0.00698069864404222 0.121177768631392 1.5965965965966
"321" 0.69094119590678 0.541748533043329 1.6016016016016
"322" -0.283461329010846 0.506892875250383 1.60660660660661
"323" 0.584823005451976 -0.0541172286824888 1.61161161161161
"324" 0.000106206530049724 0.988900679148714 1.61661661661662
"325" 0.684289859611907 0.422602238937455 1.62162162162162
"326" 1.54285948921212 -0.114715859500142 1.62662662662663
"327" 0.730970089207898 1.45657744843525 1.63163163163163
"328" -0.143304562731189 1.14012375170409 1.63663663663664
"329" 0.543643710110568 1.72599114479744 1.64164164164164
"330" 0.915068876684461 0.924326177277856 1.64664664664665
"331" 0.563547014154333 0.924278780978355 1.65165165165165
"332" 1.25636331439535 0.189625113091958 1.65665665665666
"333" 0.372181861688705 1.25924285231514 1.66166166166166
"334" 0.473847975271503 0.0527191383702268 1.66666666666667
"335" 1.08379937514185 1.25691339658316 1.67167167167167
"336" 1.6354126350562 0.663649836440445 1.67667667667668
"337" -0.151491345586866 1.3235527014601 1.68168168168168
"338" 0.940120966368349 0.221268546390547 1.68668668668669
"339" 1.20473526940672 0.06352560717931 1.69169169169169
"340" 0.310555170910499 2.09799681131804 1.6966966966967
"341" 0.595135922307316 0.735625492811451 1.7017017017017
"342" 0.825685164974182 0.144922961022238 1.70670670670671
"343" 1.15449261562835 1.34139888967005 1.71171171171171
"344" 1.63455915328721 0.800189968542531 1.71671671671672
"345" 1.35573921826458 0.524475845556772 1.72172172172172
"346" 0.163313808774972 0.232928747033269 1.72672672672673
"347" 0.638960635125465 0.576080537881161 1.73173173173173
"348" -0.656614610265129 0.144423330701972 1.73673673673674
"349" 0.635756363245673 0.780343851468318 1.74174174174174
"350" -0.570304963988209 2.15577660080187 1.74674674674675
"351" 1.79672247351687 0.432508489018986 1.75175175175175
"352" 1.05689466456346 1.10959304102739 1.75675675675676
"353" 0.130201102992102 0.900271883100858 1.76176176176176
"354" -0.654772711450234 0.925161680619913 1.76676676676677
"355" 0.823147844605387 1.20916163897351 1.77177177177177
"356" 0.285643964202357 1.16031476811041 1.77677677677678
"357" 1.46706283728684 -0.530664260449339 1.78178178178178
"358" 0.168758951465051 0.668139481537672 1.78678678678679
"359" -0.188810548210339 -0.976194214040356 1.79179179179179
"360" -0.133661575201699 -0.116610842462375 1.7967967967968
"361" 2.10901115207308 0.960305800237883 1.8018018018018
"362" 0.877974056335804 1.17661117237233 1.80680680680681
"363" -1.51533521882035 2.52165701035434 1.81181181181181
"364" 0.445124583350399 1.35670856080924 1.81681681681682
"365" 1.37823347051534 1.61820474098324 1.82182182182182
"366" 1.31950798553924 -1.85108890578513 1.82682682682683
"367" 0.371571895190867 1.31969669801097 1.83183183183183
"368" -0.0365497243863772 0.373930002514218 1.83683683683684
"369" 1.38230749430201 0.224970680539525 1.84184184184184
"370" 0.732812243012517 -0.301902824542407 1.84684684684685
"371" 0.346364222047876 2.47918288756293 1.85185185185185
"372" 0.269209135159793 1.31566219593808 1.85685685685686
"373" -0.236098169690299 0.41444305280587 1.86186186186186
"374" 1.53522817387062 -0.312341927167918 1.86686686686687
"375" 0.576631104935703 0.446605982624842 1.87187187187187
"376" -0.385681839827128 1.89129867869903 1.87687687687688
"377" 0.775142927755579 0.934716158520113 1.88188188188188
"378" 1.00449344953333 1.91100126470224 1.88688688688689
"379" 1.49631849762286 1.98679975093284 1.89189189189189
"380" 1.02500113764506 1.36477307355149 1.8968968968969
"381" 0.600743899282556 1.15468112749593 1.9019019019019
"382" 0.714565000587839 0.147501936341519 1.90690690690691
"383" -0.020534733697248 1.57543029843118 1.91191191191191
"384" 1.60586261649756 0.357482161725532 1.91691691691692
"385" 0.408410594174242 1.27017819702536 1.92192192192192
"386" 1.12361912127951 0.190666124214994 1.92692692692693
"387" 0.443581259066938 1.1533706893209 1.93193193193193
"388" -0.0774391038813859 1.45307930934822 1.93693693693694
"389" 0.292360107928274 1.05549034452891 1.94194194194194
"390" 1.07559979406226 -0.148472514890433 1.94694694694695
"391" 1.68365116730756 1.84063613678017 1.95195195195195
"392" 0.23962775371934 -0.426282420814724 1.95695695695696
"393" -1.06146696527571 0.700555158877409 1.96196196196196
"394" 0.664659962517992 1.17526729809971 1.96696696696697
"395" 1.62663456330706 2.05262464239869 1.97197197197197
"396" -0.674045989647805 1.37614039606047 1.97697697697698
"397" 1.90021568677914 1.1418856210521 1.98198198198198
"398" 0.974405971550624 1.20716831908511 1.98698698698699
"399" 0.25332733649474 0.256703729327543 1.99199199199199
"400" 1.31252303040433 0.204528540239424 1.996996996997
"401" 1.36157320949188 0.402097082538691 2.002002002002
"402" 0.352881928187562 0.536899351264456 2.00700700700701
"403" 0.387553001790637 0.113825792409203 2.01201201201201
"404" 0.379688754350444 0.0488975024821201 2.01701701701702
"405" -0.638428851284303 1.40485752291989 2.02202202202202
"406" 0.305838002444137 2.27417738747995 2.02702702702703
"407" 0.283378267787424 0.391308344334119 2.03203203203203
"408" -1.95316572200811 0.370709527915415 2.03703703703704
"409" -0.366915110971256 -0.167358852333005 2.04204204204204
"410" 0.77934959928279 1.353256172711 2.04704704704705
"411" 0.156852128674821 -0.00430487679901359 2.05205205205205
"412" 0.52187298041996 1.56239380757686 2.05705705705706
"413" 0.269315699571388 1.26145005753516 2.06206206206206
"414" 0.813905292017604 0.791460692282908 2.06706706706707
"415" 0.673211767003616 0.924701207511851 2.07207207207207
"416" 1.18838310982747 -0.0463186956184837 2.07707707707708
"417" 0.809683609741739 1.15067460624017 2.08208208208208
"418" 1.20799643041019 0.159269762176913 2.08708708708709
"419" 0.3094877047664 1.42083333705935 2.09209209209209
"420" 0.0147509767967676 1.39044523030352 2.0970970970971
"421" 0.985973438298023 0.499330926537677 2.1021021021021
"422" 1.09476644259427 0.573393873341896 2.10710710710711
"423" 0.685161479935706 -0.580046919965354 2.11211211211211
"424" -0.067036023889181 -0.617614016533835 2.11711711711712
"425" 0.0602947867426853 0.384022147887359 2.12212212212212
"426" 0.850030912084464 1.39655021560367 2.12712712712713
"427" -0.0575665623144195 0.483421619205245 2.13213213213213
"428" -0.589332683582863 0.0894916071083318 2.13713713713714
"429" -0.426123325362318 0.280899047158865 2.14214214214214
"430" 2.15146393785436 0.510827738146529 2.14714714714715
"431" -0.0973378058524065 0.260019495331668 2.15215215215215
"432" -0.138251781573568 1.06827151524705 2.15715715715716
"433" 0.613632467218284 1.9370973549491 2.16216216216216
"434" 0.941313032551771 1.12178303682543 2.16716716716717
"435" 0.947469374922829 0.66433682480262 2.17217217217217
"436" 0.429926498903031 1.31474154599264 2.17717717717718
"437" 0.516657975032486 0.679778896030325 2.18218218218218
"438" 1.47629429139275 2.67522285710871 2.18718718718719
"439" 0.0802660310604906 0.194243210612182 2.19219219219219
"440" 0.497027931610662 2.07301844980403 2.1971971971972
"441" -0.175754359351779 2.3404002792831 2.2022022022022
"442" 1.05781290411421 1.76532289788656 2.20720720720721
"443" 1.62616587407649 1.01778045637043 2.21221221221221
"444" 0.965750443496975 0.855251129109176 2.21721721721722
"445" -0.126449976689069 0.822747332214938 2.22222222222222
"446" 2.10818069794753 -1.05760094353615 2.22722722722723
"447" 0.452841691371104 1.18728431785952 2.23223223223223
"448" -0.975092612179081 1.53189399238272 2.23723723723724
"449" 0.262824682149934 0.773376620710553 2.24224224224224
"450" 1.58191821005616 1.35638129998859 2.24724724724725
"451" -0.131284827319727 1.39941370093756 2.25225225225225
"452" 0.049128422105212 1.73613408828291 2.25725725725726
"453" 1.84400745036501 0.818413139146895 2.26226226226226
"454" 0.952148423246828 -0.185960806080304 2.26726726726727
"455" 2.15482110516487 1.22146514754129 2.27227227227227
"456" 0.714699764912879 2.41581617943922 2.27727727727728
"457" -0.843988154781316 0.354667740478754 2.28228228228228
"458" 0.980173125092261 -0.16455218856175 2.28728728728729
"459" 0.137652558754265 0.590696666141415 2.29229229229229
"460" -0.150284376008454 1.60886768156615 2.2972972972973
"461" 0.830254806612706 0.994838093529576 2.3023023023023
"462" 1.20129390032598 0.273547421088247 2.30730730730731
"463" 1.49481161027627 1.88562777035371 2.31231231231231
"464" 2.36685999890116 0.758752721877879 2.31731731731732
"465" 0.660319808397774 1.6469867997478 2.32232232232232
"466" -0.216080900422005 2.74126532955138 2.32732732732733
"467" -0.255350425146878 2.70687297822752 2.33233233233233
"468" 1.15832217790449 0.37305519234381 2.33733733733734
"469" 0.394791087004671 1.61575687064781 2.34234234234234
"470" 1.09611472402022 -0.18059400809186 2.34734734734735
"471" -0.292881960707497 0.493990916325195 2.35235235235235
"472" 1.21725036153503 2.94198572221319 2.35735735735736
"473" 0.673356898413813 1.58952149426124 2.36236236236236
"474" 0.952389341843172 0.637981262918479 2.36736736736737
"475" -0.336065384471551 0.767018170393778 2.37237237237237
"476" 0.809625442151296 0.882242685888833 2.37737737737738
"477" -0.768125016815387 -0.320955215151487 2.38238238238238
"478" -0.416621228198896 1.55025254007931 2.38738738738739
"479" 0.850563474821517 0.0735026267057816 2.39239239239239
"480" 2.09363412958194 0.121168051596676 2.3973973973974
"481" -0.401695048563704 0.876173787978665 2.4024024024024
"482" 0.765809550169623 1.15186817334778 2.40740740740741
"483" -0.502282588567479 -0.614715342334928 2.41241241241241
"484" 1.16693958526339 2.87123566438018 2.41741741741742
"485" 1.34016043270078 0.344263073474104 2.42242242242242
"486" 1.44151227223453 0.858533105867811 2.42742742742743
"487" 1.06303395852083 0.130888809327283 2.43243243243243
"488" 0.353114980855363 3.46731852237543 2.43743743743744
"489" 1.74910292599593 1.6267804872931 2.44244244244244
"490" 1.56540267655263 0.56879093197428 2.44744744744745
"491" 0.556678914613292 1.44309319976207 2.45245245245245
"492" -0.148346469004765 1.15787768637384 2.45745745745746
"493" 1.83677081610247 1.38739113236742 2.46246246246246
"494" 0.47321806960487 1.45111935046544 2.46746746746747
"495" 0.123254931065241 0.771135010161078 2.47247247247247
"496" 1.01464676521622 0.786035914090427 2.47747747747748
"497" 1.17923724999596 0.885103031006009 2.48248248248248
"498" 1.30429468827024 0.257008715534821 2.48748748748749
"499" 1.19722495644743 2.39844580649766 2.49249249249249
"500" 0.991272052329159 0.673535643452978 2.4974974974975
"501" 0.0357398453432903 1.42921218388386 2.5025025025025
"502" 1.8073913629422 1.47426670763071 2.50750750750751
"503" -0.179433340140956 1.0916349681948 2.51251251251251
"504" 2.05270369278106 1.11364717087569 2.51751751751752
"505" 1.20803679435874 1.22695357755257 2.52252252252252
"506" 0.690727663620109 1.42557862631798 2.52752752752753
"507" -0.0411801248696052 -0.489217686091418 2.53253253253253
"508" 0.869513499137155 1.93164603367994 2.53753753753754
"509" -0.65341411478703 2.32688279355873 2.54254254254254
"510" 1.83400721340527 1.63697513755059 2.54754754754755
"511" 1.11237566190548 1.46508415272651 2.55255255255255
"512" 1.09498521179206 0.577493475076457 2.55755755755756
"513" -0.705818716778162 2.80886418407616 2.56256256256256
"514" 1.17876662274048 1.04092151059716 2.56756756756757
"515" -0.89094906833783 2.08452627905394 2.57257257257257
"516" 1.14302865866355 1.58145536820272 2.57757757757758
"517" 0.0974539358991097 1.42281935688307 2.58258258258258
"518" 1.27956835971648 1.11888161624341 2.58758758758759
"519" 0.59745273547132 1.0917129770016 2.59259259259259
"520" -0.0704132950575477 0.981567797211946 2.5975975975976
"521" -0.0371022325636614 0.49302619615402 2.6026026026026
"522" 0.0254891003270804 0.295837662584615 2.60760760760761
"523" 1.69096467852877 0.782501819317743 2.61261261261261
"524" 1.66943498217629 -0.304719424055804 2.61761761761762
"525" 1.36872181049492 0.216743446758584 2.62262262262262
"526" 1.32656154261036 1.12389009207903 2.62762762762763
"527" 1.47355923536515 2.47412615158633 2.63263263263263
"528" 1.84278274463648 0.0770530735523818 2.63763763763764
"529" 0.364572688206483 1.37390237942583 2.64264264264264
"530" 1.7817383312738 1.62662813512303 2.64764764764765
"531" 0.53280529545687 2.12316048340857 2.65265265265265
"532" 0.927391092741946 -0.0375195688117945 2.65765765765766
"533" -0.1809867468318 0.655632269066108 2.66266266266266
"534" 1.48875350114067 0.810261723933431 2.66766766766767
"535" 1.83232111328338 0.79111200516462 2.67267267267267
"536" 0.278109594029612 0.336960231197425 2.67767767767768
"537" 0.394513405784168 1.06661416832528 2.68268268268268
"538" 0.770455314820179 0.481867865625037 2.68768768768769
"539" -0.013328072151639 0.0141564044975122 2.69269269269269
"540" 1.72219138143846 0.257039854736873 2.6976976976977
"541" 0.397496127803185 2.10797360273413 2.7027027027027
"542" 0.684949250015293 0.188737658626029 2.70770770770771
"543" 0.93133946337284 1.81471937176087 2.71271271271271
"544" -0.212154850658317 -0.244573293761158 2.71771771771772
"545" 1.01802507331392 1.52030197502226 2.72272272272272
"546" -0.628714542673536 -0.0784574372467089 2.72772772772773
"547" 0.855959626488598 1.19382824867264 2.73273273273273
"548" 1.16166390438212 1.24989274604724 2.73773773773774
"549" 0.557139945924734 -0.371219401403527 2.74274274274274
"550" 1.03230615790329 -0.276046563072761 2.74774774774775
"551" 1.17860952084463 1.10818326910945 2.75275275275275
"552" 0.870501499172207 -0.015613866737115 2.75775775775776
"553" 0.365835961478805 0.545004201378514 2.76276276276276
"554" 1.43361764853197 0.83819103275185 2.76776776776777
"555" 2.15732904894698 1.30488306040142 2.77277277277277
"556" 1.03863868669047 -0.827188902375403 2.77777777777778
"557" 0.264033746492218 0.973745389323161 2.78278278278278
"558" 1.21418325366944 2.39733999320731 2.78778778778779
"559" 0.518180285679338 2.27040536261174 2.79279279279279
"560" 1.09873698276456 0.427200736169848 2.7977977977978
"561" 0.408824130885782 2.20186578716101 2.8028028028028
"562" 0.0967821021582537 2.26795097255326 2.80780780780781
"563" 1.71354117346021 2.0723245170492 2.81281281281281
"564" 0.938210063027532 2.32318833380927 2.81781781781782
"565" 0.473848696099856 1.37758153768137 2.82282282282282
"566" 0.779634442756292 1.69588738146897 2.82782782782783
"567" 0.916055748836971 1.92791101996536 2.83283283283283
"568" 0.225260329412639 2.00206245631932 2.83783783783784
"569" -0.480325067842066 1.63245761094432 2.84284284284284
"570" 1.86520578553568 1.15610316055027 2.84784784784785
"571" -0.0495453977467827 1.31375694753181 2.85285285285285
"572" 1.43124696896992 0.654836791175626 2.85785785785786
"573" 1.19671466619497 -0.206578459651399 2.86286286286286
"574" 0.976153250708077 1.48493161689515 2.86786786786787
"575" 0.191284148125618 0.182935763367534 2.87287287287287
"576" 1.2720752216906 0.527880917936331 2.87787787787788
"577" 2.15516162497999 -1.21932947025834 2.88288288288288
"578" 0.718987525714188 1.11532192320986 2.88788788788789
"579" 0.194338236915333 2.54856681388015 2.89289289289289
"580" 2.07501565403407 1.68656937927718 2.8978978978979
"581" -0.287219941247289 1.86425988258922 2.9029029029029
"582" 1.18331257449654 0.782419668020519 2.90790790790791
"583" 2.0482342504399 2.605010359717 2.91291291291291
"584" 0.112031570169418 0.901281804747175 2.91791791791792
"585" 0.228052012895431 1.06783351070356 2.92292292292292
"586" 1.32629703704564 1.37675824072362 2.92792792792793
"587" 1.75333073799287 0.612427879351065 2.93293293293293
"588" 0.544968466342903 0.781785942319353 2.93793793793794
"589" 1.2629056381247 1.65535227621765 2.94294294294294
"590" 1.59442154531804 0.441910958140333 2.94794794794795
"591" 1.55480223911204 2.02398514647277 2.95295295295295
"592" 1.0732404479957 -0.232634755991762 2.95795795795796
"593" 1.79934492717416 3.52303555914141 2.96296296296296
"594" -0.697471636942961 1.04433599544481 2.96796796796797
"595" 1.82693601878563 0.321078985883079 2.97297297297297
"596" 1.39573352421727 1.38613361757124 2.97797797797798
"597" 0.0503308801633666 2.54888044126591 2.98298298298298
"598" 1.12343314585653 0.479747174962588 2.98798798798799
"599" 1.35823967875996 1.19407237967182 2.99299299299299
"600" 0.415659242297345 1.36535294782012 2.997997997998
"601" 1.38039812454373 1.41880504718696 3.003003003003
"602" 0.878302462256741 2.24424890916705 3.00800800800801
"603" 1.00407586164541 0.267202826284719 3.01301301301301
"604" -0.00215533749405461 0.849306846981069 3.01801801801802
"605" 0.444544961563498 1.11438890409817 3.02302302302302
"606" 0.811985271273358 1.40728465388346 3.02802802802803
"607" 1.81080041000377 1.6679757606862 3.03303303303303
"608" 1.29590908756145 -0.14443233130055 3.03803803803804
"609" 0.997233880856235 1.95608985385328 3.04304304304304
"610" 0.14674253482401 1.70644675531028 3.04804804804805
"611" 0.0253766077636719 2.05610181892249 3.05305305305305
"612" -0.106310219843415 0.455252393839292 3.05805805805806
"613" 0.556258801931447 1.40034019289125 3.06306306306306
"614" 1.83256805347353 0.224199472738636 3.06806806806807
"615" 1.29969793303835 0.0335672095045461 3.07307307307307
"616" 0.712720113025719 -0.456203982360211 3.07807807807808
"617" 1.11721220766941 0.488070521965967 3.08308308308308
"618" 0.0915497496336737 1.52998265935011 3.08808808808809
"619" 0.406953606809384 0.727577183826696 3.09309309309309
"620" 1.70683063676381 1.28563970066368 3.0980980980981
"621" -0.559710008695022 -0.439091481639323 3.1031031031031
"622" 0.644629694770673 0.674364066843229 3.10810810810811
"623" 0.937586602469966 3.01011199374414 3.11311311311311
"624" 0.49810028255522 0.484034635261908 3.11811811811812
"625" 0.139072167955283 0.79283316147597 3.12312312312312
"626" 0.830441985616813 1.66443078277807 3.12812812812813
"627" 0.714327741911187 1.65291539796398 3.13313313313313
"628" 2.79120077074351 0.316077347412532 3.13813813813814
"629" 1.26332354253853 0.659866516588138 3.14314314314314
"630" 1.30908272801491 0.918467716535127 3.14814814814815
"631" 1.15556675310192 2.61322587724557 3.15315315315315
"632" 0.0597078997615462 0.752282885900079 3.15815815815816
"633" 0.508549304994624 1.18725271894886 3.16316316316316
"634" 0.162981071765348 0.851562593426207 3.16816816816817
"635" 1.18715726795 0.577508212337406 3.17317317317317
"636" 1.29975292583974 0.868472900755786 3.17817817817818
"637" 1.15646834635765 1.1833220276054 3.18318318318318
"638" 0.716132119920219 0.201577553463252 3.18818818818819
"639" 0.17359807058867 0.516548468468966 3.19319319319319
"640" 1.91570994812381 1.50904448069315 3.1981981981982
"641" 0.268243696805232 1.98714626659605 3.2032032032032
"642" 0.515875192159248 0.02477390472887 3.20820820820821
"643" 1.02121653297517 0.374403256888316 3.21321321321321
"644" 0.868627930160895 1.31267416876516 3.21821821821822
"645" 1.52590358972134 2.3594173975119 3.22322322322322
"646" 0.829554511869313 1.59256324178817 3.22822822822823
"647" -0.396208100660159 1.76926485350376 3.23323323323323
"648" -1.15594083824801 0.867844719129291 3.23823823823824
"649" 2.12103705141055 2.3853182579289 3.24324324324324
"650" 0.778655727311055 0.883572224092657 3.24824824824825
"651" 1.29552154889553 0.709224809994813 3.25325325325325
"652" 0.954903221189533 1.54322288061427 3.25825825825826
"653" 1.10115971704337 1.58760014233428 3.26326326326326
"654" 1.21374705184064 1.53248438404506 3.26826826826827
"655" 1.03820078455221 0.891593361481198 3.27327327327327
"656" -0.163521618600284 2.08762995229287 3.27827827827828
"657" 1.45197532902268 0.65743809851544 3.28328328328328
"658" 0.214733509912199 1.87844777512123 3.28828828828829
"659" 0.250239057274719 2.01514310444462 3.29329329329329
"660" 0.28058565118523 1.77599983245418 3.2982982982983
"661" 2.20280520585375 1.33722231865186 3.3033033033033
"662" 1.42316107407899 2.26197361932252 3.30830830830831
"663" 2.9284619623594 0.599526118621914 3.31331331331331
"664" -0.864054915188489 -1.11130294626719 3.31831831831832
"665" 1.02064127758417 0.335281066163907 3.32332332332332
"666" 2.14112089036402 0.865166845874694 3.32832832832833
"667" 1.67648851576242 1.88892961083217 3.33333333333333
"668" 1.3913130104972 1.20553020847635 3.33833833833834
"669" -0.283753995677405 -0.191946709578285 3.34334334334334
"670" 0.18103055213304 1.1482533756086 3.34834834834835
"671" 2.13016929590572 1.14496044478598 3.35335335335335
"672" 0.755611229267899 2.49834873520905 3.35835835835836
"673" 0.980333120259433 0.433325116445048 3.36336336336336
"674" 1.55252788952724 1.18299879796734 3.36836836836837
"675" 1.4581958746734 1.74959415051062 3.37337337337337
"676" 1.08079141758652 2.25623029968907 3.37837837837838
"677" 0.690929751922234 1.18262114694188 3.38338338338338
"678" 1.08671377518352 0.660416937473648 3.38838838838839
"679" 2.01611436989478 1.31598212150339 3.39339339339339
"680" 0.947474121796386 2.02259946472417 3.3983983983984
"681" 0.48788342661637 1.15585356671616 3.4034034034034
"682" 1.26758900122814 1.09348047031361 3.40840840840841
"683" 0.927049076377002 2.83518608739018 3.41341341341341
"684" 1.23741025828726 1.02457935828064 3.41841841841842
"685" 1.27352954300436 1.48928882729399 3.42342342342342
"686" 0.735225378406679 0.711577308346188 3.42842842842843
"687" 1.05678867039245 1.4891215573924 3.43343343343343
"688" 0.345833629874258 1.61800894216056 3.43843843843844
"689" 0.370520291333532 1.23512772740408 3.44344344344344
"690" 1.49784329718792 2.34434967313874 3.44844844844845
"691" 1.8914435072237 0.819185162516616 3.45345345345345
"692" 1.15031098479777 0.283997381390327 3.45845845845846
"693" 1.12431438433928 2.66508952009441 3.46346346346346
"694" 1.14036666413666 1.8888007804633 3.46846846846847
"695" 1.51685815147273 1.74245774468528 3.47347347347347
"696" -0.333616680365134 -0.427545288483738 3.47847847847848
"697" -0.924890437747312 -0.822189687262909 3.48348348348348
"698" 1.98806888134957 1.97551209817209 3.48848848848849
"699" 1.47337644091694 0.884540753832265 3.49349349349349
"700" 2.75130157867597 1.06350870932823 3.4984984984985
"701" -0.00464301892317542 1.80761326293289 3.5035035035035
"702" 1.53193983883147 2.17909263676193 3.50850850850851
"703" -0.332283175490246 0.633449141806169 3.51351351351351
"704" 0.969468418362636 0.664486713114464 3.51851851851852
"705" 0.348576353634957 2.23254280826819 3.52352352352352
"706" 1.1656351086416 1.35857110608401 3.52852852852853
"707" 0.803455620775265 0.790681383038198 3.53353353353353
"708" 3.08978673442972 1.5244505931763 3.53853853853854
"709" 0.355044036994912 0.38721151662654 3.54354354354354
"710" -0.612458430428912 2.34844672343841 3.54854854854855
"711" 1.49113966381039 1.85228562157166 3.55355355355355
"712" -0.891596215461961 2.94641362645614 3.55855855855856
"713" -1.7951258044591 1.68265138338133 3.56356356356356
"714" 0.739914258269611 2.33501207663436 3.56856856856857
"715" 1.12362169074007 0.929715988555808 3.57357357357357
"716" 1.81839715387365 1.04659119943048 3.57857857857858
"717" 0.938301086679333 0.881429562222347 3.58358358358358
"718" 1.11954368408776 1.66066006445334 3.58858858858859
"719" 1.5397493002995 0.479800536094387 3.59359359359359
"720" 1.20592645032968 0.495961015831592 3.5985985985986
"721" 1.47576959584708 2.63084019076131 3.6036036036036
"722" 1.23725109550618 1.4295917551822 3.60860860860861
"723" 0.675755780171158 0.182941626019653 3.61361361361361
"724" 0.983336474361543 1.01724970257239 3.61861861861862
"725" 2.87441977564088 0.130809329987416 3.62362362362362
"726" 1.52951570131815 0.95627250663842 3.62862862862863
"727" -1.13806733372924 1.04825282909512 3.63363363363363
"728" 3.23142464879839 -0.793077971607048 3.63863863863864
"729" 1.54012208213217 3.12685429461786 3.64364364364364
"730" 1.02683683414408 2.07268285536902 3.64864864864865
"731" 1.39762528669063 0.872299159806351 3.65365365365365
"732" 1.83631193335657 1.42200433617396 3.65865865865866
"733" 1.2989363905879 1.24118993319571 3.66366366366366
"734" 1.73796402638587 2.04485252292202 3.66866866866867
"735" 1.17091161161118 2.07357967619208 3.67367367367367
"736" 0.994962773806968 1.49300397621923 3.67867867867868
"737" 1.12299450337971 1.01600294884942 3.68368368368368
"738" 0.458548003972013 1.22407751680145 3.68868868868869
"739" -0.170070122645194 1.97005088106603 3.69369369369369
"740" 0.350267383373994 0.563491922705374 3.6986986986987
"741" 1.1743965601859 1.39373114922908 3.7037037037037
"742" 1.7327248793909 0.341360658395493 3.70870870870871
"743" 1.04407956098571 0.46916280616434 3.71371371371371
"744" 2.61096350384359 1.15121893158435 3.71871871871872
"745" 0.623809719108921 1.42253874021148 3.72372372372372
"746" 2.71194735219537 1.60592762078675 3.72872872872873
"747" 1.17502534531617 1.2250781950145 3.73373373373373
"748" 1.41464428474712 1.35103574907294 3.73873873873874
"749" 1.26780192879738 1.95914097517145 3.74374374374374
"750" 1.3076134574902 0.691818169859731 3.74874874874875
"751" 2.17991620348787 1.43904853634361 3.75375375375375
"752" 0.00257588830277355 1.15992903784081 3.75875875875876
"753" 1.0590644056331 0.659695582874797 3.76376376376376
"754" 1.40255587525622 1.21692146038487 3.76876876876877
"755" 0.454323353418215 1.7143494240652 3.77377377377377
"756" 2.15083239473773 0.896549419365043 3.77877877877878
"757" 0.243108139706844 1.02861328022243 3.78378378378378
"758" 0.874359322733647 1.53628500786078 3.78878878878879
"759" 0.396443633524875 1.86525629135266 3.79379379379379
"760" 0.0809249471630005 1.63006387871754 3.7987987987988
"761" 0.592392177343256 0.429436100707788 3.8038038038038
"762" 0.999444175067577 0.561645024631574 3.80880880880881
"763" 1.08532549438612 1.58010860072221 3.81381381381381
"764" 1.41415313871708 1.18950458543836 3.81881881881882
"765" 1.1743172477224 1.83591579560253 3.82382382382382
"766" 0.899265893012912 1.6748827626867 3.82882882882883
"767" 0.782470173831396 -0.416368768961117 3.83383383383383
"768" 2.05275771002418 1.98825696293934 3.83883883883884
"769" 1.40122432261141 0.874379096233652 3.84384384384384
"770" 0.832107209433376 2.21427841891799 3.84884884884885
"771" 0.901441578607882 0.525128742634337 3.85385385385385
"772" 0.558845297436544 0.718913755041398 3.85885885885886
"773" 0.954591231955045 1.92002324759364 3.86386386386386
"774" -0.36644946246348 1.17364735776398 3.86886886886887
"775" 0.877884896728589 2.68368641577613 3.87387387387387
"776" 2.35926046096776 0.554756995535012 3.87887887887888
"777" 1.76547528599336 0.736754027272661 3.88388388388388
"778" 1.52432936618707 0.983860750973475 3.88888888888889
"779" 1.82462334486247 2.63204342099988 3.89389389389389
"780" 0.376117213882039 1.54906650434541 3.8988988988989
"781" -0.0311486935330987 1.62268887754196 3.9039039039039
"782" 1.5447258655777 0.241800094370147 3.90890890890891
"783" 1.1229683699476 0.339664824610049 3.91391391391391
"784" 0.898779029006785 2.16044148654317 3.91891891891892
"785" 0.0928798319082038 0.555769125014731 3.92392392392392
"786" 0.727221306278764 2.57754237593259 3.92892892892893
"787" 1.26990296318838 0.961041066114393 3.93393393393393
"788" 1.625208089579 1.66329439328627 3.93893893893894
"789" 0.284489972761943 0.123051414779322 3.94394394394394
"790" 2.93250984545715 1.94199156209179 3.94894894894895
"791" -0.289577322059729 0.277230615760892 3.95395395395395
"792" 1.68920440390853 1.67475662291258 3.95895895895896
"793" 1.57320752463642 0.840297370199643 3.96396396396396
"794" 1.48916163412286 1.47141524233647 3.96896896896897
"795" 3.11402078242215 0.945830054407063 3.97397397397397
"796" 1.79153893640196 1.72893343934083 3.97897897897898
"797" 1.57250976228654 3.12281989113343 3.98398398398398
"798" -0.106593949046803 2.97028840670192 3.98898898898899
"799" 1.21353068513857 2.09939075297583 3.99399399399399
"800" 0.488541626395956 1.87249708068395 3.998998998999
"801" 0.372321628202973 2.07806183542916 4.004004004004
"802" 1.88069240103463 2.10791659941633 4.00900900900901
"803" 0.487034757261105 2.076016848933 4.01401401401401
"804" 2.07528657876651 2.04552343634768 4.01901901901902
"805" 1.15421421382387 0.786083011006672 4.02402402402402
"806" 0.857370912570893 2.34604465822411 4.02902902902903
"807" 2.36428109537426 1.78971634644388 4.03403403403403
"808" 1.98490220976646 -0.564968100032919 4.03903903903904
"809" 0.150318235624264 1.51440431490537 4.04404404404404
"810" -0.234219372401461 -0.365636805257999 4.04904904904905
"811" 0.344940137471927 0.971049783161193 4.05405405405405
"812" 1.30231347935599 2.33986384441101 4.05905905905906
"813" 0.96291959969889 2.66424215481501 4.06406406406406
"814" 0.823914523118671 -1.29667905144563 4.06906906906907
"815" 1.89093556130446 2.9738728137378 4.07407407407407
"816" 2.03955657128513 1.88506619857815 4.07907907907908
"817" 0.760049536981199 0.73709681245229 4.08408408408408
"818" 2.15975104910742 2.30128326372452 4.08908908908909
"819" 1.53665865264189 1.94813055857923 4.09409409409409
"820" 1.29004336265423 2.50378539085086 4.0990990990991
"821" -0.620694570470326 0.485944370765646 4.1041041041041
"822" 2.0233869480268 1.44126948196183 4.10910910910911
"823" 1.14438029944515 3.02028246627025 4.11411411411411
"824" 1.35426955573745 1.41961039759819 4.11911911911912
"825" 2.32558183210279 0.618106477697418 4.12412412412412
"826" 0.0450175132757739 -0.550237818614751 4.12912912912913
"827" 1.09116006347509 0.564085012767551 4.13413413413413
"828" 1.02003062657146 2.12728907394299 4.13913913913914
"829" 0.635972274155887 1.25176395682365 4.14414414414414
"830" 0.871528701364129 -0.206544850025466 4.14914914914915
"831" 0.694952556238223 2.01524849136883 4.15415415415415
"832" 1.6555913051684 2.44045841212422 4.15915915915916
"833" 2.42279126785333 1.54833778896682 4.16416416416416
"834" 1.12265514070193 1.27713955913228 4.16916916916917
"835" 0.811794355893368 2.55796149643287 4.17417417417417
"836" 1.15742615199011 1.89511541329735 4.17917917917918
"837" 1.57416211524221 1.56979112595099 4.18418418418418
"838" 2.21744564141266 0.966276039040972 4.18918918918919
"839" 1.5617411736005 2.2509210344722 4.19419419419419
"840" 0.730401043431548 1.55030683016717 4.1991991991992
"841" 1.54780661562003 2.5507661495024 4.2042042042042
"842" 2.81906185036885 1.53051621860662 4.20920920920921
"843" 0.885226455305343 1.23855460037408 4.21421421421421
"844" 0.569825122947308 2.13655667928137 4.21921921921922
"845" 1.28226373640397 1.09266193438606 4.22422422422422
"846" 0.588147903239039 0.0220287133017655 4.22922922922923
"847" 1.71393436750265 2.07179531112478 4.23423423423423
"848" 2.58616370765952 2.7845623290082 4.23923923923924
"849" -0.334292597012652 2.64888322294156 4.24424424424424
"850" 1.52430092838136 1.36869123370926 4.24924924924925
"851" 1.20320598501286 -0.440396706356394 4.25425425425425
"852" 1.07552968828658 1.3982491559291 4.25925925925926
"853" 0.997005778956974 2.53974801437759 4.26426426426426
"854" 1.88621272396188 -0.0954020084067437 4.26926926926927
"855" 0.694126482806771 1.80306073974612 4.27427427427427
"856" 1.34909613090506 -0.0232917490213514 4.27927927927928
"857" 0.524358432554312 1.11451242732262 4.28428428428428
"858" 1.92628817703789 3.31351974559256 4.28928928928929
"859" 0.536706185977182 2.77009682872502 4.29429429429429
"860" 0.845909415135627 3.27509246319591 4.2992992992993
"861" 1.75537333492872 1.32183818788692 4.3043043043043
"862" 1.75884149958071 2.34075317955161 4.30930930930931
"863" 2.38834121467165 2.10411259020252 4.31431431431431
"864" 0.809721372335626 0.725093584973163 4.31931931931932
"865" 0.163697179433412 1.44410619238962 4.32432432432432
"866" 0.513125395118812 1.24671820797338 4.32932932932933
"867" 2.33754132617653 3.47696822898555 4.33433433433433
"868" -1.98542557795602 0.32102023712405 4.33933933933934
"869" 1.1603810199837 1.17985787304426 4.34434434434434
"870" 2.07140785915613 1.87016081244977 4.34934934934935
"871" 0.780400924727221 2.00126688846991 4.35435435435435
"872" -0.298729500086384 0.757407821992783 4.35935935935936
"873" 1.95371836341065 1.7499539315166 4.36436436436436
"874" 1.79618173033987 3.09093422492416 4.36936936936937
"875" 0.00987761199604942 -0.202204192208342 4.37437437437437
"876" 2.67615925958855 1.48522080621459 4.37937937937938
"877" 1.59488305883889 1.1278850839363 4.38438438438438
"878" 1.50797374616779 3.32548446007393 4.38938938938939
"879" 2.07804360952021 1.85219955916247 4.39439439439439
"880" 0.613062674232774 1.16422490070008 4.3993993993994
"881" 3.3037714027429 0.553055911456858 4.4044044044044
"882" 1.35761395455069 1.06224474515167 4.40940940940941
"883" 2.09709588236027 1.89332513973137 4.41441441441441
"884" 2.74490697656888 2.34667368223616 4.41941941941942
"885" 0.996811714211656 1.21281480680515 4.42442442442442
"886" 1.1642170630752 2.27541291875614 4.42942942942943
"887" 0.696098705355286 1.44398282936268 4.43443443443443
"888" 0.61058115216766 2.16889561396385 4.43943943943944
"889" -0.532363313726001 0.587268855819884 4.44444444444444
"890" 0.817903856365218 2.23579097655003 4.44944944944945
"891" 2.18866285205415 1.28908885267486 4.45445445445445
"892" 0.740341042147989 1.82358997451203 4.45945945945946
"893" 0.484991317704522 0.266427130503231 4.46446446446446
"894" 1.97497558395884 1.73120330011871 4.46946946946947
"895" 1.6436985268285 2.62492150552348 4.47447447447447
"896" 2.07150634540423 1.78376100602722 4.47947947947948
"897" 1.92727621410421 1.38768832275096 4.48448448448448
"898" 0.0271375265234652 2.0874827230153 4.48948948948949
"899" 2.09362319072672 2.57822158082559 4.49449449449449
"900" 1.42836392626095 2.35590546376318 4.4994994994995
"901" 0.221657672676129 1.13671221284264 4.5045045045045
"902" 1.31261110302615 1.65566292698692 4.50950950950951
"903" 1.40942082582978 1.50912682223626 4.51451451451451
"904" 2.30870966010286 2.62770898274231 4.51951951951952
"905" 2.14730042413889 1.14180324148293 4.52452452452452
"906" 2.36502259092247 0.51619814344955 4.52952952952953
"907" 2.55435500756938 3.83672732696239 4.53453453453453
"908" 1.35775849226096 0.959662451000193 4.53953953953954
"909" 1.30016019635024 2.03984986137206 4.54454454454454
"910" 2.34468070496755 2.15952943750601 4.54954954954955
"911" 0.56490374529411 1.42194899368788 4.55455455455455
"912" 2.25697454950379 3.48778391011416 4.55955955955956
"913" 2.50520478611622 1.68880925064411 4.56456456456456
"914" 2.24250376512962 -0.00888261165166626 4.56956956956957
"915" 0.901791391388308 2.39025200959276 4.57457457457457
"916" 1.56802132113192 2.52898993133262 4.57957957957958
"917" 1.86540835414702 2.15674913991467 4.58458458458458
"918" 2.06774082416127 2.52861146842378 4.58958958958959
"919" 1.56587253545909 2.58861696325897 4.59459459459459
"920" 1.97729189851484 1.58761412023194 4.5995995995996
"921" 1.03460909718631 0.890192511519464 4.6046046046046
"922" 0.619583215712819 3.16131176652922 4.60960960960961
"923" 1.15746046181648 2.43961821246566 4.61461461461461
"924" 1.31796334546208 0.921718748098243 4.61961961961962
"925" 0.673405687069551 2.41438116786075 4.62462462462462
"926" 1.11756286499917 3.56483677144431 4.62962962962963
"927" 2.17016166893631 2.5954494240902 4.63463463463463
"928" 0.18824690357961 2.18000083626335 4.63963963963964
"929" 1.89747206532423 2.23168871250216 4.64464464464464
"930" 1.86714218652538 0.683287498087233 4.64964964964965
"931" -0.161924211029962 2.92836712904797 4.65465465465465
"932" 2.10814234033704 2.60837703301979 4.65965965965966
"933" 1.00028861114076 1.67279704918237 4.66466466466466
"934" 3.1093135905877 2.70419282789258 4.66966966966967
"935" 1.07296854839887 2.24677176251369 4.67467467467467
"936" 2.00724565532336 0.438295728814973 4.67967967967968
"937" 2.15410277573991 1.92606949691327 4.68468468468468
"938" 0.834016258918976 0.128458793275019 4.68968968968969
"939" 2.27682855171561 2.07670207944853 4.69469469469469
"940" 1.26740920956875 2.16491194704725 4.6996996996997
"941" -0.170187839822894 -1.19858513020379 4.7047047047047
"942" -0.942983779130202 0.0846846190428787 4.70970970970971
"943" 1.14836817707006 0.819139778744009 4.71471471471471
"944" 2.68874295564029 2.43503926482328 4.71971971971972
"945" 2.07445566989208 0.585969267263407 4.72472472472472
"946" 1.62360725217425 -0.0782201520440714 4.72972972972973
"947" 0.698019795193491 0.187777652761485 4.73473473473473
"948" 0.75664490484223 1.81451216272403 4.73973973973974
"949" 1.55884318964716 1.74217339361751 4.74474474474474
"950" 1.05214023157283 1.29119445526691 4.74974974974975
"951" -0.0818265729804006 1.78003888657325 4.75475475475475
"952" 1.59187677934202 -0.27835069368478 4.75975975975976
"953" 1.27369872512339 2.9355178690923 4.76476476476476
"954" 1.05911437650719 1.07006757157468 4.76976976976977
"955" -0.319275108021586 1.81677358585125 4.77477477477477
"956" 0.203440011616477 0.698114182401108 4.77977977977978
"957" 0.0859561014287701 1.3935023464894 4.78478478478478
"958" 0.887196138842504 3.03033429640153 4.78978978978979
"959" 0.992840298995074 2.26076722906159 4.79479479479479
"960" 1.02217418207624 0.965133095093331 4.7997997997998
"961" 0.666488231533887 1.29035130476292 4.8048048048048
"962" 2.38595260001875 3.27444906470036 4.80980980980981
"963" 2.42014268613539 1.34808880520763 4.81481481481481
"964" 0.422995724103598 1.86869566683274 4.81981981981982
"965" 0.731987037870962 0.933093548436662 4.82482482482482
"966" 0.655778297569887 1.35341882051381 4.82982982982983
"967" 2.29623892826881 1.59418479799643 4.83483483483483
"968" 2.81610838385402 2.49084129609088 4.83983983983984
"969" 1.55246556276319 1.87496440705426 4.84484484484484
"970" -0.415399842052949 0.353296304249128 4.84984984984985
"971" 1.68927994717652 2.83193315802107 4.85485485485485
"972" 1.92053759220251 2.33034474563172 4.85985985985986
"973" 1.36660728354872 1.08863039555593 4.86486486486486
"974" 1.27287506867404 2.50227588202359 4.86986986986987
"975" 1.5140341409214 2.3246448660222 4.87487487487487
"976" 1.41586050381006 -0.333663246526537 4.87987987987988
"977" 1.4550598527506 3.32254201468129 4.88488488488488
"978" 1.7817668477073 1.27864066050228 4.88988988988989
"979" 1.74618786171649 1.66440347323583 4.89489489489489
"980" 2.04304684146148 2.9525858742926 4.8998998998999
"981" 0.500124005710243 1.10632353003306 4.9049049049049
"982" 0.140472538868866 0.571195137621928 4.90990990990991
"983" 0.323376787318546 1.42993843939933 4.91491491491491
"984" 1.67538316892592 2.28998122710707 4.91991991991992
"985" 1.04176468499711 -0.00806855229342907 4.92492492492492
"986" 0.728537914414613 1.58640360308012 4.92992992992993
"987" 1.42747714497255 2.37289907302496 4.93493493493493
"988" 1.58500422243673 2.91697462376099 4.93993993993994
"989" 1.53378877411854 2.11546745474143 4.94494494494494
"990" -0.366560685763634 1.02758268534228 4.94994994994995
"991" 1.94421555909692 1.60977634026311 4.95495495495495
"992" 1.45860903193222 1.69204453260513 4.95995995995996
"993" 1.24157258356388 1.90765544775485 4.96496496496496
"994" 2.51937251971268 1.62431191121026 4.96996996996997
"995" 1.41667659141849 1.84780834526416 4.97497497497497
"996" 0.694150165838572 2.15335989176195 4.97997997997998
"997" 0.860802106364548 2.09071158279104 4.98498498498498
"998" 2.02694774715978 1.83277758821198 4.98998998998999
"999" 0.899898146337588 2.08726000668098 4.99499499499499
"1000" 2.0692314006584 1.54008216152125 5
